96,544,32,0,32,48,
128,544,32,0,32,48,
160,544,32,0,32,48,
192,544,32,0,32,48,
224,544,32,0,32,48,
256,544,32,0,32,48,
736,544,32,0,32,48,
704,544,32,0,32,48,
672,544,32,0,32,48,
640,544,32,0,32,48,
608,544,32,0,32,48,
576,544,32,0,32,48,
544,544,32,0,32,48,
512,544,32,0,32,48,
288,544,32,0,32,48,
320,544,32,0,32,48,
352,544,32,0,32,48,
480,544,32,0,32,48,
112,960,32,0,32,48,
-480,144,32,0,32,48,
-1264,752,32,0,32,48,
-1328,816,32,0,32,48,
-1280,544,32,0,32,48,
-896,512,32,0,32,48,
-1968,912,32,0,32,48,
-3312,736,32,0,32,48,
-3408,576,32,0,32,48,
-3488,576,32,0,32,48,
-6448,736,32,0,32,48,
-6128,624,32,0,32,48,
-9936,608,32,0,32,48,
-10368,160,32,0,32,48,
-10368,80,32,0,32,48,
-9728,960,32,0,32,48,
-10048,592,32,0,32,48,
-9952,704,32,0,32,48,
-9952,704,32,0,32,48,
-9920,720,32,0,32,48,
-9936,704,32,0,32,48,
-10000,352,32,0,32,48,
-10048,368,32,0,32,48,
-10016,400,32,0,32,48,
-10176,480,32,0,32,48,
-10160,352,32,0,32,48,
-9456,384,32,0,32,48,
-9120,400,32,0,32,48,
-9104,400,32,0,32,48,
-9520,720,32,0,32,48,
-9520,832,32,0,32,48,
-9312,624,32,0,32,48,
-9136,2848,32,0,32,48,
352,464,32,0,32,32,
320,464,32,0,32,32,
288,464,32,0,32,32,
256,464,32,0,32,32,
224,464,32,0,32,32,
192,464,32,0,32,32,
384,544,96,0,32,32,
416,544,96,0,32,32,
448,544,96,0,32,32,
384,0,96,0,32,32,
416,0,96,0,32,32,
448,0,96,0,32,32,
0,0,32,0,32,32,
32,0,32,0,32,32,
64,0,32,0,32,32,
96,0,32,0,32,32,
128,0,32,0,32,32,
160,0,32,0,32,32,
192,0,32,0,32,32,
224,0,32,0,32,32,
256,0,32,0,32,32,
288,0,32,0,32,32,
320,0,32,0,32,32,
352,0,32,0,32,32,
480,0,32,0,32,32,
512,0,32,0,32,32,
544,0,32,0,32,32,
576,0,32,0,32,32,
608,0,32,0,32,32,
640,0,32,0,32,32,
672,0,32,0,32,32,
704,0,32,0,32,32,
736,0,32,0,32,32,
768,0,32,0,32,32,
800,0,32,0,32,32,
832,0,32,0,32,32,
96,336,32,0,32,32,
128,336,32,0,32,32,
704,336,32,0,32,32,
0,176,32,0,32,32,
32,176,32,0,32,32,
160,176,32,0,32,32,
192,176,32,0,32,32,
224,176,32,0,32,32,
256,176,32,0,32,32,
288,176,32,0,32,32,
320,176,32,0,32,32,
352,208,32,0,32,32,
480,208,32,0,32,32,
512,176,32,0,32,32,
544,176,32,0,32,32,
576,176,32,0,32,32,
608,176,32,0,32,32,
640,176,32,0,32,32,
672,176,32,0,32,32,
800,176,32,0,32,32,
832,176,32,0,32,32,
736,336,32,0,32,32,
48,32,48,128,48,48,
48,144,48,192,48,32,
48,128,48,176,32,16,
48,112,48,176,32,16,
48,96,48,176,32,16,
48,80,48,176,32,16,
752,48,0,48,48,32,
752,128,0,80,32,48,
752,112,0,80,32,16,
752,96,0,80,32,16,
752,80,0,80,32,16,
288,320,32,0,32,32,
320,320,32,0,32,32,
352,320,32,0,32,32,
320,208,96,0,32,32,
512,208,96,0,32,32,
0,544,96,0,32,32,
32,544,96,0,32,32,
64,544,96,0,32,32,
0,336,96,0,32,32,
32,336,96,0,32,32,
64,336,96,0,32,32,
16,1008,0,0,32,32,
464,1472,0,0,32,32,
768,544,32,0,32,32,
800,544,32,0,32,32,
832,544,32,0,32,32,
752,416,0,48,48,32,
752,512,0,96,32,32,
752,496,0,96,32,16,
752,480,0,96,32,16,
752,464,0,96,32,16,
752,448,0,96,32,16,
768,336,32,0,32,32,
800,336,32,0,32,32,
832,336,32,0,32,32,
480,336,32,0,32,32,
608,336,32,0,32,32,
640,336,32,0,32,32,
672,336,32,0,32,32,
