0,128,0,176,48,48,
0,32,0,128,48,48,
0,80,0,176,32,16,
0,96,0,176,32,16,
0,112,0,176,32,16,
800,128,48,80,48,48,
800,32,48,32,48,48,
816,80,64,80,32,16,
816,96,64,80,32,16,
816,112,64,80,32,16,
800,400,48,32,64,32,
800,496,48,80,48,48,
800,480,48,80,48,16,
800,464,48,80,48,16,
800,448,48,80,48,16,
800,432,48,80,48,16,
816,400,64,32,32,16,
816,32,64,32,32,16,
64,176,32,0,32,32,
128,176,32,0,32,32,
704,176,32,0,32,32,
768,176,32,0,32,32,
512,336,32,0,32,32,
576,336,32,0,32,32,
96,176,128,0,32,32,
736,176,128,0,32,32,
544,336,128,0,32,32,
