1072,1040,0,32,48,16,
0,544,0,0,32,32,
32,544,0,0,32,32,
64,544,0,0,32,32,
96,544,0,0,32,32,
128,544,0,0,32,32,
160,544,0,0,32,32,
192,544,0,0,32,32,
224,544,0,0,32,32,
256,544,0,0,32,32,
288,544,0,0,32,32,
320,544,0,0,32,32,
352,544,0,0,32,32,
416,544,0,0,32,32,
448,544,0,0,32,32,
480,544,0,0,32,32,
512,544,0,0,32,32,
544,544,0,0,32,32,
576,544,0,0,32,32,
608,544,0,0,32,32,
640,544,0,0,32,32,
672,544,0,0,32,32,
704,544,0,0,32,32,
736,544,0,0,32,32,
768,544,0,0,32,32,
800,544,0,0,32,32,
832,544,0,0,32,32,
608,224,0,0,32,32,
640,224,0,0,32,32,
672,224,0,0,32,32,
704,224,0,0,32,32,
736,224,0,0,32,32,
768,224,0,0,32,32,
800,224,0,0,32,32,
832,224,0,0,32,32,
0,96,0,0,32,32,
32,96,0,0,32,32,
64,96,0,0,32,32,
96,96,0,0,32,32,
128,96,0,0,32,32,
160,96,0,0,32,32,
192,96,0,0,32,32,
224,96,0,0,32,32,
256,96,0,0,32,32,
288,96,0,0,32,32,
320,96,0,0,32,32,
352,96,0,0,32,32,
384,96,0,0,32,32,
416,96,0,0,32,32,
448,96,0,0,32,32,
480,96,0,0,32,32,
512,96,0,0,32,32,
0,224,0,0,32,32,
32,224,0,0,32,32,
64,224,0,0,32,32,
96,224,0,0,32,32,
128,224,0,0,32,32,
160,224,0,0,32,32,
-32,544,0,0,32,32,
-32,96,0,0,32,32,
-32,224,0,0,32,32,
384,544,0,0,32,32,
-32,432,0,0,32,32,
0,432,0,0,32,32,
32,432,0,0,32,32,
64,432,0,0,32,32,
96,432,0,0,32,32,
128,432,0,0,32,32,
160,432,0,0,32,32,
192,432,0,0,32,32,
224,432,0,0,32,32,
256,432,0,0,32,32,
736,432,0,0,32,32,
704,432,0,0,32,32,
672,432,0,0,32,32,
640,432,0,0,32,32,
608,432,0,0,32,32,
576,432,0,0,32,32,
544,432,0,0,32,32,
256,320,0,0,32,32,
288,320,0,0,32,32,
320,320,0,0,32,32,
352,320,0,0,32,32,
384,320,0,0,32,32,
416,320,0,0,32,32,
448,320,0,0,32,32,
480,320,0,0,32,32,
512,320,0,0,32,32,
544,320,0,0,32,32,
192,224,0,0,32,32,
224,224,0,0,32,32,
256,224,0,0,32,32,
288,224,0,0,32,32,
320,224,0,0,32,32,
576,224,0,0,32,32,
544,224,0,0,32,32,
512,224,0,0,32,32,
480,224,0,0,32,32,
544,96,0,0,32,32,
576,96,0,0,32,32,
32,464,32,144,48,96,
64,464,64,144,32,96,
736,464,-16,48,48,80,
736,432,0,0,32,32,
768,432,0,0,32,32,
800,432,0,0,32,32,
832,432,0,0,32,32,
