-100,-400,0,0,10,10,
640,-490,0,0,10,10,
0,180,50,0,20,10,
20,180,50,0,20,10,
40,180,50,0,20,10,
80,180,50,0,20,10,
100,180,50,0,20,10,
120,180,50,0,20,10,
140,180,50,0,20,10,
160,180,50,0,20,10,
180,180,50,0,20,10,
200,180,50,0,20,10,
220,180,50,0,20,10,
240,180,50,0,20,10,
260,180,50,0,20,10,
200,180,70,0,10,10,
40,120,70,0,10,10,
60,120,70,0,10,10,
0,120,50,0,20,10,
20,120,50,0,20,10,
70,120,50,0,20,10,
90,120,50,0,20,10,
110,120,80,0,10,10,
120,120,30,0,10,10,
130,120,30,0,10,10,
140,120,30,0,10,10,
270,120,70,0,10,10,
0,0,70,0,10,10,
10,0,70,0,10,10,
20,0,70,0,10,10,
30,0,70,0,10,10,
40,0,70,0,10,10,
50,0,70,0,10,10,
60,0,70,0,10,10,
70,0,70,0,10,10,
80,0,70,0,10,10,
90,0,70,0,10,10,
100,0,70,0,10,10,
110,0,70,0,10,10,
150,0,70,0,10,10,
160,0,70,0,10,10,
170,0,70,0,10,10,
180,0,70,0,10,10,
190,0,70,0,10,10,
200,0,70,0,10,10,
210,0,70,0,10,10,
220,0,70,0,10,10,
230,0,70,0,10,10,
240,0,70,0,10,10,
250,0,70,0,10,10,
260,0,70,0,10,10,
270,0,70,0,10,10,
120,0,30,0,10,10,
130,0,30,0,10,10,
140,0,30,0,10,10,
160,50,50,0,20,10,
180,50,50,0,20,10,
200,50,50,0,20,10,
260,50,50,0,20,10,
240,50,50,0,20,10,
220,50,50,0,20,10,
80,50,50,0,20,10,
60,50,50,0,20,10,
40,50,50,0,20,10,
20,50,50,0,20,10,
0,50,50,0,20,10,
20,20,20,40,10,30,
20,150,20,40,10,30,
60,180,70,0,10,10,
70,180,60,0,10,10,
