1072,1040,0,32,48,16,
0,544,0,0,32,32,
32,544,0,0,32,32,
64,544,0,0,32,32,
96,544,0,0,32,32,
128,544,0,0,32,32,
160,544,0,0,32,32,
192,544,0,0,32,32,
224,544,0,0,32,32,
256,544,0,0,32,32,
288,544,0,0,32,32,
320,544,0,0,32,32,
352,544,0,0,32,32,
416,544,0,0,32,32,
448,544,0,0,32,32,
480,544,0,0,32,32,
512,544,0,0,32,32,
544,544,0,0,32,32,
576,544,0,0,32,32,
608,544,0,0,32,32,
640,544,0,0,32,32,
672,544,0,0,32,32,
704,544,0,0,32,32,
736,544,0,0,32,32,
768,544,0,0,32,32,
800,544,0,0,32,32,
832,544,0,0,32,32,
0,400,0,0,32,32,
32,400,0,0,32,32,
64,400,0,0,32,32,
96,400,0,0,32,32,
128,400,0,0,32,32,
128,464,0,0,32,32,
160,464,0,0,32,32,
192,464,0,0,32,32,
224,464,0,0,32,32,
176,304,0,0,32,32,
208,304,0,0,32,32,
240,304,0,0,32,32,
272,304,0,0,32,32,
304,304,0,0,32,32,
336,304,0,0,32,32,
368,304,0,0,32,32,
400,304,0,0,32,32,
432,304,0,0,32,32,
464,304,0,0,32,32,
496,304,0,0,32,32,
528,304,0,0,32,32,
560,304,0,0,32,32,
608,224,0,0,32,32,
640,224,0,0,32,32,
672,224,0,0,32,32,
704,224,0,0,32,32,
736,224,0,0,32,32,
768,224,0,0,32,32,
800,224,0,0,32,32,
832,224,0,0,32,32,
528,160,0,0,32,32,
560,160,0,0,32,32,
592,160,0,0,32,32,
624,160,0,0,32,32,
0,96,0,0,32,32,
32,96,0,0,32,32,
64,96,0,0,32,32,
96,96,0,0,32,32,
128,96,0,0,32,32,
160,96,0,0,32,32,
192,96,0,0,32,32,
224,96,0,0,32,32,
256,96,0,0,32,32,
288,96,0,0,32,32,
320,96,0,0,32,32,
352,96,0,0,32,32,
384,96,0,0,32,32,
416,96,0,0,32,32,
448,96,0,0,32,32,
480,96,0,0,32,32,
512,96,0,0,32,32,
0,224,0,0,32,32,
32,224,0,0,32,32,
64,224,0,0,32,32,
96,224,0,0,32,32,
128,224,0,0,32,32,
160,224,0,0,32,32,
560,272,0,0,32,32,
640,400,0,0,32,32,
672,400,0,0,32,32,
704,400,0,0,32,32,
736,400,0,0,32,32,
768,400,0,0,32,32,
800,400,0,0,32,32,
512,464,0,0,32,32,
544,464,0,0,32,32,
576,464,0,0,32,32,
608,464,0,0,32,32,
640,464,0,0,32,32,
832,400,0,0,32,32,
-32,400,0,0,32,32,
-32,544,0,0,32,32,
-32,96,0,0,32,32,
-32,224,0,0,32,32,
