96,544,160,0,32,32,
128,544,160,0,32,32,
160,544,160,0,32,32,
192,544,160,0,32,32,
224,544,160,0,32,32,
288,544,160,0,32,32,
320,544,160,0,32,32,
352,544,160,0,32,32,
384,544,160,0,32,32,
416,544,160,0,32,32,
448,544,160,0,32,32,
512,544,160,0,32,32,
544,544,160,0,32,32,
576,544,160,0,32,32,
608,544,160,0,32,32,
640,544,160,0,32,32,
704,544,160,0,32,32,
736,544,160,0,32,32,
768,544,160,0,32,32,
800,544,160,0,32,32,
832,544,160,0,32,32,
-32,544,160,0,32,32,
-32,336,160,0,32,32,
0,336,160,0,32,32,
32,336,160,0,32,32,
64,336,160,0,32,32,
96,336,160,0,32,32,
224,336,160,0,32,32,
256,336,160,0,32,32,
288,336,160,0,32,32,
320,336,160,0,32,32,
832,336,160,0,32,32,
48,432,48,128,48,64,
48,496,48,176,32,48,
192,336,192,0,32,32,
128,336,192,0,32,32,
800,336,192,0,32,32,
256,544,192,0,32,32,
480,544,192,0,32,32,
672,544,192,0,32,32,
64,544,192,0,32,32,
0,544,192,0,32,32,
32,544,192,0,32,32,
1600,-544,192,0,32,32,
384,336,96,0,32,32,
416,336,96,0,32,32,
448,336,96,0,32,32,
384,0,96,0,32,32,
416,0,96,0,32,32,
448,0,96,0,32,32,
-32,0,192,0,32,32,
0,0,192,0,32,32,
32,0,192,0,32,32,
64,0,192,0,32,32,
96,0,192,0,32,32,
128,0,192,0,32,32,
160,0,192,0,32,32,
192,0,192,0,32,32,
224,0,192,0,32,32,
256,0,192,0,32,32,
288,0,192,0,32,32,
320,0,192,0,32,32,
352,0,192,0,32,32,
480,0,192,0,32,32,
512,0,192,0,32,32,
544,0,192,0,32,32,
576,0,192,0,32,32,
608,0,192,0,32,32,
640,0,192,0,32,32,
672,0,192,0,32,32,
704,0,192,0,32,32,
736,0,192,0,32,32,
768,0,192,0,32,32,
800,0,192,0,32,32,
832,0,192,0,32,32,
-32,144,160,0,32,32,
0,144,160,0,32,32,
32,144,160,0,32,32,
64,144,160,0,32,32,
96,144,160,0,32,32,
128,144,160,0,32,32,
160,144,160,0,32,32,
192,144,160,0,32,32,
224,144,160,0,32,32,
256,144,160,0,32,32,
288,144,160,0,32,32,
320,144,160,0,32,32,
352,144,160,0,32,32,
512,144,160,0,32,32,
544,144,160,0,32,32,
576,144,160,0,32,32,
608,144,160,0,32,32,
640,144,160,0,32,32,
672,144,160,0,32,32,
704,144,160,0,32,32,
736,144,160,0,32,32,
768,144,160,0,32,32,
800,144,160,0,32,32,
832,144,160,0,32,32,
48,32,48,128,48,48,
48,96,48,176,48,48,
48,80,48,192,32,16,
1728,1696,224,0,32,32,
352,336,224,0,32,32,
480,144,256,0,32,32,
