0,180,30,0,10,10,
10,180,30,0,10,10,
30,180,10,0,10,10,
40,180,10,0,10,10,
50,180,10,0,10,10,
60,180,10,0,10,10,
70,180,10,0,10,10,
80,180,10,0,10,10,
90,180,10,0,10,10,
100,180,10,0,10,10,
110,180,10,0,10,10,
110,190,10,0,10,10,
100,190,10,0,10,10,
90,190,10,0,10,10,
30,190,10,0,10,10,
40,190,10,0,10,10,
50,190,10,0,10,10,
60,190,10,0,10,10,
70,190,10,0,10,10,
80,190,10,0,10,10,
120,180,30,0,10,10,
130,180,30,0,10,10,
140,180,30,0,10,10,
150,180,10,0,10,10,
160,180,10,0,10,10,
160,190,10,0,10,10,
170,180,10,0,10,10,
170,190,10,0,10,10,
180,180,10,0,10,10,
180,190,10,0,10,10,
190,180,10,0,10,10,
190,190,10,0,10,10,
200,180,10,0,10,10,
200,190,10,0,10,10,
210,180,10,0,10,10,
210,190,10,0,10,10,
220,180,10,0,10,10,
220,190,10,0,10,10,
230,180,10,0,10,10,
230,190,10,0,10,10,
240,180,10,0,10,10,
240,190,10,0,10,10,
250,190,10,0,10,10,
250,180,10,0,10,10,
260,180,10,0,10,10,
260,190,10,0,10,10,
270,180,10,0,10,10,
270,190,10,0,10,10,
20,180,30,0,10,10,
150,190,10,0,10,10,
60,150,10,0,10,10,
70,150,10,0,10,10,
80,150,10,0,10,10,
90,150,10,0,10,10,
100,150,10,0,10,10,
110,150,10,0,10,10,
150,120,10,0,10,10,
190,120,10,0,10,10,
200,120,10,0,10,10,
210,120,10,0,10,10,
220,120,10,0,10,10,
230,120,10,0,10,10,
240,120,10,0,10,10,
250,120,10,0,10,10,
260,120,10,0,10,10,
270,120,10,0,10,10,
0,120,30,0,10,10,
10,120,30,0,10,10,
20,120,30,0,10,10,
30,120,10,0,10,10,
40,120,10,0,10,10,
0,3,10,0,10,10,
10,3,10,0,10,10,
20,3,10,0,10,10,
30,3,10,0,10,10,
40,3,10,0,10,10,
50,3,10,0,10,10,
60,3,10,0,10,10,
70,3,10,0,10,10,
80,3,10,0,10,10,
90,3,10,0,10,10,
100,3,10,0,10,10,
120,3,30,0,10,10,
130,3,30,0,10,10,
140,3,30,0,10,10,
110,3,10,0,10,10,
150,3,10,0,10,10,
160,3,10,0,10,10,
170,3,10,0,10,10,
180,3,10,0,10,10,
190,3,10,0,10,10,
200,3,10,0,10,10,
210,3,10,0,10,10,
220,3,10,0,10,10,
230,3,10,0,10,10,
240,3,10,0,10,10,
250,3,10,0,10,10,
260,3,10,0,10,10,
270,3,10,0,10,10,
0,60,10,0,10,10,
10,60,10,0,10,10,
50,60,10,0,10,10,
60,60,10,0,10,10,
70,60,10,0,10,10,
80,60,10,0,10,10,
90,60,10,0,10,10,
100,60,10,0,10,10,
110,70,10,0,10,10,
150,70,10,0,10,10,
160,60,10,0,10,10,
170,60,10,0,10,10,
180,60,10,0,10,10,
190,60,10,0,10,10,
200,60,10,0,10,10,
210,60,10,0,10,10,
220,60,10,0,10,10,
230,60,10,0,10,10,
270,60,10,0,10,10,
100,70,30,0,10,10,
160,70,30,0,10,10,
250,140,30,10,10,40,
250,20,30,10,10,40,
20,20,50,50,10,40,
