0,180,0,0,10,10,
10,180,0,0,10,10,
20,180,0,0,10,10,
30,180,0,0,10,10,
40,180,0,0,10,10,
50,180,0,0,10,10,
60,180,0,0,10,10,
70,180,0,0,10,10,
80,180,0,0,10,10,
90,180,0,0,10,10,
100,180,0,0,10,10,
110,180,0,0,10,10,
120,180,0,0,10,10,
130,180,0,0,10,10,
140,180,0,0,10,10,
150,180,0,0,10,10,
160,180,0,0,10,10,
170,180,0,0,10,10,
180,180,0,0,10,10,
190,180,0,0,10,10,
200,180,0,0,10,10,
210,180,0,0,10,10,
220,180,0,0,10,10,
230,180,0,0,10,10,
240,180,0,0,10,10,
250,180,0,0,10,10,
260,180,0,0,10,10,
270,180,0,0,10,10,
0,140,0,0,10,10,
10,140,0,0,10,10,
20,140,0,0,10,10,
30,140,0,0,10,10,
40,140,0,0,10,10,
50,140,0,0,10,10,
60,140,0,0,10,10,
70,140,0,0,10,10,
80,140,0,0,10,10,
270,140,0,0,10,10,
260,140,0,0,10,10,
250,140,0,0,10,10,
240,140,0,0,10,10,
230,140,0,0,10,10,
220,140,0,0,10,10,
210,140,0,0,10,10,
200,140,0,0,10,10,
190,140,0,0,10,10,
80,100,0,0,10,10,
90,100,0,0,10,10,
100,100,0,0,10,10,
110,100,0,0,10,10,
120,100,0,0,10,10,
130,100,0,0,10,10,
140,100,0,0,10,10,
150,100,0,0,10,10,
160,100,0,0,10,10,
170,100,0,0,10,10,
180,100,0,0,10,10,
190,100,0,0,10,10,
100,70,0,0,10,10,
90,70,0,0,10,10,
80,70,0,0,10,10,
70,70,0,0,10,10,
60,70,0,0,10,10,
50,70,0,0,10,10,
30,70,0,0,10,10,
40,70,0,0,10,10,
20,70,0,0,10,10,
10,70,0,0,10,10,
0,70,0,0,10,10,
270,70,0,0,10,10,
260,70,0,0,10,10,
250,70,0,0,10,10,
240,70,0,0,10,10,
230,70,0,0,10,10,
220,70,0,0,10,10,
210,70,0,0,10,10,
200,70,0,0,10,10,
190,70,0,0,10,10,
180,70,0,0,10,10,
170,70,0,0,10,10,
0,30,0,0,10,10,
10,30,0,0,10,10,
20,30,0,0,10,10,
30,30,0,0,10,10,
40,30,0,0,10,10,
50,30,0,0,10,10,
60,30,0,0,10,10,
70,30,0,0,10,10,
80,30,0,0,10,10,
90,30,0,0,10,10,
100,30,0,0,10,10,
110,30,0,0,10,10,
120,30,0,0,10,10,
130,30,0,0,10,10,
140,30,0,0,10,10,
150,30,0,0,10,10,
160,30,0,0,10,10,
170,30,0,0,10,10,
180,30,0,0,10,10,
190,30,0,0,10,10,
20,150,20,40,10,30,
250,150,0,10,10,30,
270,30,0,0,10,10,
