0,170,120,0,10,10,
0,160,120,0,10,10,
0,150,120,0,10,10,
0,140,120,0,10,10,
0,130,120,0,10,10,
0,120,120,0,10,10,
0,110,130,0,10,10,
0,100,130,0,10,10,
0,90,130,0,10,10,
0,80,130,0,10,10,
0,70,130,0,10,10,
0,60,130,0,10,10,
0,50,140,0,10,10,
0,40,140,0,10,10,
0,30,140,0,10,10,
0,0,140,0,10,10,
270,40,120,0,10,10,
270,30,120,0,10,10,
10,0,140,0,10,10,
20,0,140,0,10,10,
30,0,140,0,10,10,
40,0,140,0,10,10,
50,0,140,0,10,10,
60,0,140,0,10,10,
70,0,140,0,10,10,
80,0,140,0,10,10,
90,0,140,0,10,10,
100,0,140,0,10,10,
110,0,140,0,10,10,
120,0,140,0,10,10,
260,0,120,0,10,10,
240,0,120,0,10,10,
250,0,120,0,10,10,
230,0,120,0,10,10,
220,0,120,0,10,10,
210,0,120,0,10,10,
200,0,120,0,10,10,
190,0,120,0,10,10,
180,0,120,0,10,10,
170,0,120,0,10,10,
160,0,120,0,10,10,
150,0,120,0,10,10,
130,0,140,0,10,10,
140,0,130,0,10,10,
0,180,120,0,40,10,
0,10,140,0,10,10,
0,20,140,0,10,10,
270,0,120,0,10,10,
270,10,120,0,10,10,
270,20,120,0,10,10,
40,180,120,0,40,10,
80,180,120,0,40,10,
120,180,120,0,40,10,
160,180,120,0,40,10,
200,180,120,0,40,10,
240,180,120,0,40,10,
270,170,150,0,10,10,
270,160,150,0,10,10,
270,150,150,0,10,10,
270,140,150,0,10,10,
270,130,150,0,10,10,
270,120,150,0,10,10,
270,70,140,0,10,10,
270,80,140,0,10,10,
270,90,140,0,10,10,
270,100,140,0,10,10,
270,110,140,0,10,10,
270,60,140,0,10,10,
270,50,120,0,10,10,
